196416.64316266924
60701.20225046789
56513.09110798676
54457.22746994305
50181.35614054147
46909.85139478497
41631.238670385006
40672.37736884684
37140.842439622356
33344.40176098987
33198.13478278914
29356.18882204976
25548.371822890545
22731.919898203007
21423.64303762974
23507.134882666916
19609.93250794059
16861.738506413396
16832.485110773247
17994.494993145774
19457.164775153153
15662.349285167344
13616.23677900369
16187.285218043327
14128.171202706271
13320.452445308863
11579.875404720082
14890.384677996784
14160.67497563977
14955.392223863775
16489.57030632485
11500.241161033015
11308.46890072538
13739.75111615098
10031.070624438937
10009.943172032165
16617.960209412166
12743.510475739286
16375.80710105761
16873.11482694012
15507.956363733234
17211.154065448492
15698.10343539419
13209.939617334974
11087.4432447776
12572.865667838427
13521.975837496546
13783.631209611201
10391.86250400076
12428.223878284363
7458.396996752625
8789.426498379338
7066.726532903983
8142.601417002743
6757.940690035758
7541.281617733042
7175.6141722311995
6104.614854072463
7814.313310374421
7203.242379224671
6883.080215829722
4830.466955079368
4393.2912091238295
3982.1184815150887
2530.8250200344332
5547.175148262984
3624.5769792466176
1532.9591909760659
6340.267207840316
4208.019703402896
5274.143455621606
1682.4765464701536
5620.308637363353
5379.780717655473
4364.037813483682
6343.517585133667
7183.740115464574
6029.856176325419
7534.780863146345
2958.249634109923
2451.190776347365
2462.567096874089
5657.687976236874
1242.0504232212652
6546.666165968025
3782.2202779740796
2859.1131266627567
7123.608135537603
7053.725023730584
4009.74668850856
4052.0015933221075
18070.878859539484
6283.385605206698
2103.400405958944
1697.1032442902272
2306.5489867933024
926.7638257663417
4663.072524471856
6306.138246260147
1284.3053280348124
814.6258091457762
4199.893760169521
10003.442417445463
5748.698540450668
3715.5875434604113
2475.568606047489
1750.734469630498
3333.668211491819
4799.588370792547
4175.515930469399
3634.3281111266683
1042.1522196802578
1300.5572145015612
765.8701497455305
3691.2097137602873
16013.390032849113
6389.022867240564
2173.2835177659636
5392.782226828872
1734.4825831637502
1021.0247672734844
7728.178312100654
5040.116290500428
5222.137418928011
4832.092143726045
4848.344030192792
4326.658474610161
7856.56821518797
7820.814064961121
10203.340620986472
6510.912015741181
8110.097644069246
5496.794300216063
2829.859731022609
3660.3311294734667
7164.237851704474
5909.59221647148
22005.46057313934
23539.638655600414
13908.770735405164
6572.669184314824
3065.5120847904645
18386.165456994415
3341.794154725192
3070.387650730489
3990.244424748463
4580.187903491438
2347.178702960174
9840.923552777975
7536.406051793019
3588.8228290197717
5833.2083500777635
3423.0535870589374
4073.1290457288806
3772.4691460940307
1997.7631439250792
1558.9622093228645
6904.207668236495
2449.5655877006916
4471.300264164224
1610.9682460164609
674.859585531738
2561.7036043212574
5121.375722834168
1636.9712643632583
1708.4795648169516
16253.91795255699
4349.411115663607
5261.141946448209
19270.268080785536
3106.1418009573363
1401.3189105954023
5368.40439712875
1082.7819358471293
674.859585531738
7477.899260512724
25176.203622801997
10248.845903093368
10063.574397372433
9899.430344058272
11392.978710352474
7630.666993300163
5747.073351803993
2430.063323940592
6330.51607596027
6757.940690035757
5563.427034729733
2839.6108629026585
1259.9274983346893
1945.7571072314831
3670.082261353517
692.7366606451616
1136.4131611874
1685.7269237635048
3587.197640373098
674.859585531738
3200.4027424644783
19276.76883537224
4133.261025655851
2298.423043559928
5387.906660888849
3037.8838777969927
3673.332638646866
9055.957436434015
4354.286681603632
5409.03411329562
3096.390669077287
2243.166629572983
2033.5172941519252
3067.13727343714
4866.2211053062165
17617.451227117203
4068.253479788855
1248.5511778079656
6220.0032479863785
9371.244033888941
4009.7466885085623
2519.448699507709
3587.197640373097
6575.919561608173
19530.29826425352
10089.577415719232
4511.929980331097
2649.4637912416997
1936.0059753514338
4500.553659804371
3436.055096232334
20674.431071512627
7598.163220366666
4222.64640122297
3613.200658719895
2829.8597310226096
839.0036388458994
6497.910506567779
6376.021358067166
5235.138928101412
5080.7460066673
23557.51573071383
9766.164875030934
2246.4170068663325
1305.432780441586
5387.90666088885
1788.11380850402
17502.06283320329
2410.561060180495
3892.733105947972
3996.745179335163
629.3543034248419
3341.794154725192
629.3543034248419
2269.169647919782
5412.284490588969
5935.595234818277
1846.6205997843172
5433.411942995743
13000.290281913914
7117.107380950903
3720.463109400436
2618.5852069548773
3345.044532018543
3159.773026297607
6050.983628732193
8584.65272889831
520.4666640976261
5602.431562249931
3039.5090664436666
1165.6665568275473
2283.796345739855
19088.246952357953
22098.096325999803
6523.91352491458
2938.7473703498276
6233.004757159777
1458.2005132290228
4771.9601637990745
4308.78139949674
5690.191749170373
4482.676584690947
2449.565587700691
10172.462036699651
5738.947408570619
3915.4857470014203
4726.454881692178
5717.819956163843
1170.5421227675722
2891.616899596254
2862.3635039561086
12442.850576104438
7581.911333899917
8925.94234470003
3544.9427355595517
1264.8030642747149
6402.024376413963
4869.471482599565
2798.981146735787
505.8399662775524
1305.4327804415861
4355.911870250309
639.1054353048914
5266.017512388233
6083.4874016656895
2148.9056880658422
5906.3418391781315
3765.968391507333
861.7562798993481
5407.408924648947
24815.411743240184
11592.876913893482
14272.812992260337
8337.62405460373
6390.648055887239
7227.620208924795
9543.514030436478
2779.478882975689
2111.526349192319
5589.4300530765295
4828.841766432694
359.57298807681457
4724.829693045503
5222.137418928011
3567.6953766129973
5595.930807663229
5907.967027824805
1989.6372006917047
5722.695522103867
21482.149828910027
4468.049886870872
2408.93587153382
1714.9803194036526
392.0767610103119
353.07223349011514
2711.2209598153445
2308.174175439977
9457.379032162715
1923.0044661780355
7365.761243892159
3280.036986151547
3564.4449993196486
2556.8280383812325
2885.116145009553
2384.558041833696
2716.0965257553685
353.07223349011514
11581.500593366756
9272.107526441774
4097.506875429004
5613.807882776653
4620.817619658312
2282.1711570931807
2235.0406863396092
2846.1116174893577
353.07223349011514
3905.7346151213696
590.3497759046455
4911.726387413112
3840.7270692543757
639.1054353048917
7357.635300658786
717.114490345285
353.07223349011514
1016.1492013334599
8487.141410097815
25278.590507542507
8524.520748971338
4222.64640122297
1542.7103228561166
1716.6055080503274
7520.154165326271
1978.260880164981
353.07223349011514
6372.770980773814
3564.444999319647
2129.4034243057436
7669.671520820357
3197.152365171129
2733.9736008687933
9133.966491474413
4128.385459715827
4524.9314895044945
5384.656283595497
1571.9637184962644
19151.62930957828
4160.889232649325
3241.0324586313504
1281.0549507414632
1412.6952311221276
8984.449135980323
20495.66032037839
4030.8741409153354
7900.448308648189
3293.038495324947
3705.836411580362
3566.0701879663243
796.7487340323532
3000.504538923473
20996.218423554237
4052.001593322109
694.3618492918373
1523.2080590960184
3328.792645551795
3042.7594437370167
7703.800482400532
353.07223349011514
2717.721714402044
2834.735296962635
1578.4644730829632
353.07223349011514
5503.295054802765
22970.82262926421
8609.030558598432
3726.9638639871355
5001.111762980228
1633.720887069909
23819.17110282848
5394.40741547555
2428.4381352939185
505.83996627755243
22402.00660292801
9853.925061951377
5958.347875871726
3057.386141557092
2803.8567126758126
4812.5898799659435
4240.523476336392
406.70345883038567
2917.619917943053
18451.173002861407
959.26759869984
3094.765480430612
3582.322074433071
3722.08829804711
19109.374404764734
6801.8207834959785
4035.74970685536
3593.698394959797
970.6439192265636
1770.2367333905975
3424.678775705611
1586.590416316338
2638.0874707149756
4929.603462526536
3588.8228290197712
5129.501666067544
2529.1998313877593
2482.0693606341874
3063.886896143791
2730.7232235754423
5701.568069697098
7697.299727813832
4632.193940185036
6185.874286406204
5118.125345540819
2376.432098600322
2490.1953038675633
785.3724135056292
385.57600642361194
8378.2537707706
2933.871804409802
567.5971348511971
551.3452483844484
1936.0059753514345
655.3573217716398
3505.9382080393525
1718.2306966970018
2433.3137012339425
6436.153337994138
19548.17533936695
4437.171302584052
1788.1138085040213
3631.0777338333182
5002.736951626904
7640.418125180208
6176.123154526154
10531.628727614796
5119.750534187497
5524.422507209537
10595.011084835116
8545.648201378113
7430.768789759154
7258.498793211615
19125.62629123148
3351.545286605241
6884.705404476399
1022.6499559201594
3590.448017666445
4173.890741822724
1524.8332477426927
289.6898762697949
769.12052703888
245.8097828095736
1541.0851342094415
4391.666020477155
4058.5023479088068
275.06317844972114
20102.364667883066
37254.605644889605
19169.506384691707
8859.309610186361
5176.632136821117
3148.396705770883
1274.5541961547633
5719.445144810519
333.56996973001634
6428.02739476076
7365.761243892159
3541.692358266201
5409.034113295617
21828.315010651786
8997.450645153722
4004.871122568536
1086.0323131404787
2781.104071622362
17115.26793529468
245.8097828095736
8581.402351604956
1887.2503159511873
5573.178166609782
6496.285317921106
4914.976764706462
1758.8604128638733
2144.030122125818
1817.3672041441675
1695.4780556435537
1142.913915774099
2244.791818219658
2395.934362360421
2577.9554907880033
18846.093844003408
5553.675902849684
1905.1273910646103
3579.071697139721
5600.806373603255
4157.638855355973
1563.8377752628883
294.56544220981954
3281.6621747982203
4648.445826651784
4079.6298003155825
24314.853640064317
7819.188876314446
7169.113417644499
2935.4969930564766
6423.151828820736
2092.0240854322224
3652.2051862400917
6738.438426275661
5698.317692403748
4869.471482599565
3988.6192361017875
2176.5338950593145
315.69289461659287
6717.310973868888
5305.022039908428
3049.2601983237155
6457.280790400909
1745.8589036904755
570.8475121445465
3029.7579345636173
3882.9819740679227
310.81732867656814
6416.651074234038
1448.4493813489742
4698.826674698705
6445.904469874182
3215.0294402845534
879.633355012771
19205.26053491855
1653.2231508300072
856.8807139593231
245.8097828095736
2020.5157849785262
1107.159765547252
245.8097828095736
5818.581652257685
1375.3158922486045
245.8097828095736
2751.8506759822153
19041.11648160439
3226.405760811278
2880.240579069531
1242.0504232212663
3419.8032097655873
1352.563251195157
1305.4327804415852
309.1921400298933
5262.767135094883
1344.4373079617826
1771.8619220372714
474.9613819907296
258.81129198297253
876.3829777194217
245.8097828095736
1923.0044661780353
6593.796636721597
3514.0641512727275
6822.948235902754
3060.636518850441
6255.757398213224
707.3633584652355
1307.0579690882607
21766.557842078142
7118.732569597581
3912.2353697080707
3655.4555635334414
7001.718987036986
1937.6311639981088
250.6853487495982
4266.526494683191
3769.21876880068
2431.688512587268
4029.248952268659
15517.707495613286
3557.9442447329507
1984.76163475168
3202.027931111155
2072.5218216721228
5782.827502030839
1445.1990040556245
933.2645803530418
4305.531022203387
1090.9078790805033
1736.1077718104264
292.94025356314467
6517.412770327878
4006.4963112152104
1840.1198451976163
4016.247443095261
2720.972091695393
2613.7096410148515
288.06468762312005
8163.728869409519
4765.4594092123725
5534.173639089586
1929.5052207647336
3829.3507487276515
2469.0678514607894
9332.239506368745
2823.3589764359103
4273.02724926989
4045.5008387354096
1867.7480521910888
6062.359949258916
8006.085570682055
4791.462427559172
4303.9058335567115
1518.3324931559944
1531.334002329393
1711.7299421103032
2150.530876712516
3023.2571799769166
16533.450399785073
1404.5692878887521
17682.458772984202
2876.990201776182
6665.304937175289
27584.73319717415
13520.35064884987
5519.546941269511
5030.365158620375
4089.3809321956282
4388.415643183805
1404.5692878887521
5732.446653983917
1178.668066000946
359.57298807681406
700.8626038785359
3049.2601983237164
660.2328877116644
245.8097828095736
4586.688658078138
11176.828620344719
6678.30644634869
5604.056750896604
6519.0379589745535
2108.2759718989696
3041.1342550903423
6995.218232450287
6855.452008836251
6239.505511746474
7198.366813284647
6951.33813899007
7182.114926817897
6928.585497936618
3741.5905618072093
622.8535488381423
17612.575661177187
304.3165740898687
3985.368858808439
840.6288274925741
245.8097828095736
2872.1146358361566
3837.476691961026
2982.6274638100454
3947.989519934916
10159.460527526255
6681.556823642038
23186.972719271973
13313.951690722162
8631.783199651882
6637.676730181821
7395.0146395323045
21951.829347799074
6257.382586859902
6150.120136179359
3918.736124294769
2709.59577116867
5189.633645994513
5851.085425191185
7084.603608017406
2304.9237981466276
9103.087907187592
8137.7258510627225
4443.672057170751
3923.6116902347944
4523.306300857821
6101.364476779113
5441.537886229116
2889.99171094958
2561.703604321257
5292.02053073503
3657.0807521801153
5074.245252080597
491.2132684574784
913.7623165929432
5178.257325467789
1324.9350442016844
7022.846439443762
1430.5723062355503
3070.38765073049
20217.753061796997
4012.997065801911
1172.1673114142468
5729.196276690568
1864.497674897739
5851.085425191184
6574.294372961501
6965.9648368101425
6190.749852346233
4885.723369066313
12041.428980375746
7536.406051793019
5357.028076602027
2290.2971003265543
2693.343884701921
736.6167541053827
9680.029876757164
4222.646401222969
4235.647910396368
622.8535488381422
1994.5127666317285
9485.007239156186
6146.869758886009
2914.369540649702
461.95987281733056
25758.02115831161
11586.376159306783
9762.914497737585
6379.271735360517
3323.9170796117687
3913.860558354745
28026.78450906972
13760.878568557753
8087.345003015799
5140.877986594268
9054.332247787344
998.2721262200362
1638.5964530099338
1027.5255218601835
247.43497145624843
7650.169257060261
4840.218086959417
2222.0391771662103
4263.276117389839
4125.135082422478
10710.399478749028
8600.904615365054
4019.49782038861
4547.684130557942
5439.912697582441
2989.128218396747
18872.09686235021
2382.932853187021
23016.3279113711
12893.027831233374
5956.722687225052
8332.748488663701
4924.727896586512
3028.1327459169424
3223.1553835179275
5454.539395402518
4937.72940575991
843.8792047859239
2288.6719116798795
1942.5067299381326
9485.00723915618
5803.954954437614
2907.868786063003
1781.6130539173207
2649.463791241699
4372.163756717057
1732.8573945170763
5111.624590954119
1209.546650287769
22766.04885978317
3575.821319846374
1266.428252921389
19182.507893865102
2854.237560722732
9431.376013815912
22122.474155699936
6024.9806103853925
4073.129045728881
1929.5052207647336
2191.1605928793874
1037.2766537402329
1976.6356915183062
20656.553996399194
1544.3355115027916
3892.733105947971
6467.031922280958
5511.420998036138
3996.7451793351634
3312.5407590850446
7276.375868325043
3215.0294402845534
913.7623165929435
1492.3294748091967
245.8097828095736
20422.526831278028
7430.76878975915
4329.90885190351
1190.04438652767
4156.013666709299
5293.645719381705
2504.8220016876376
15056.15391995762
5844.584670604486
1931.1304094114087
2501.571624394287
499.3392116908526
245.8097828095736
245.8097828095736
2316.3001186733522
2394.309173713745
1350.9380625484825
2937.1221817031487
4602.94054454489
1659.7239054167076
991.7713716333366
1957.133427758207
1142.913915774099
1376.94108089528
245.8097828095736
1489.079097515846
5652.812410296852
17797.84716689812
3762.7180142139823
245.8097828095736
2030.2669168585753
245.8097828095736
245.8097828095736
928.3890144130171
2288.6719116798795
3619.701413306595
19926.844294042196
4900.350066886388
17955.490465625582
1086.0323131404791
1597.9667368430617
3817.9744282009283
1812.4916382041445
245.8097828095736
2036.7676714452755
5760.074860977391
25686.512857857917
9522.386578029704
4295.779890323339
6605.172957248319
3842.352257901049
22556.399524362125
7609.539540893387
8360.376695657173
2984.252652456722
977.1446738132628
2072.521821672122
3249.158401864725
5995.727214745247
1034.0262764468832
4685.825165525305
3492.9366988659544
3067.13727343714
17464.683494329776
595.2253418446699
7562.409070139818
2469.06785146079
2238.2910636329593
2495.0708698075864
3075.2632166705125
6837.574933722825
2753.4758646288915
1402.9440992420775
2891.616899596255
19050.86761348444
2863.9886926027816
3371.0475503653392
3874.856030834548
8979.573570040295
4429.045359350677
2862.363503956107
3785.4706552674306
2449.5655877006907
1357.4388171351818
3884.607162714597
3405.1765119455104
3998.370367981838
2607.2088864281527
366.0737426635136
4947.480537639959
3868.3552762478485
4307.156210850059
3744.8409391005584
2974.5015205766726
1526.4584363893678
6957.838893576769
7957.329911281812
1654.8483394766831
6751.43993544906
8441.636127990916
2665.715677708449
245.8097828095736
2594.2073772547546
3200.402742464478
2753.4758646288906
2054.644746558699
4266.526494683189
9884.803646238199
5223.762607574685
6952.963327636741
6410.150319647339
7838.691140074542
6998.468609743639
9294.860167495222
7619.290672773436
2977.7518978700223
8277.492074676753
10713.649856042377
6879.829838536374
7541.281617733045
3018.381614036893
1120.1612747206511
1965.2593709915816
323.8188378499671
1861.2472976043898
5225.38779622136
598.4757191380194
1354.1884398418326
9237.978564861602
5786.077879324191
3029.7579345636186
6678.30644634869
3354.795663898591
863.3814685460221
5322.899115021853
3410.0520778855357
18192.768008040108
640.7306239515659
3991.8696133951375
245.8097828095736
4663.072524471857
587.0993986112954
245.8097828095736
4022.7481976819618
3616.4510360132454
4113.758761895752
3850.4782011344255
1074.6559926137547
5262.767135094885
2603.9585091348044
26172.44426321369
7395.0146395323045
4118.634327835778
2850.987183429384
3642.454054360041
19206.88572356522
4957.231669520007
1966.8845596382562
1718.2306966970018
1178.6680660009458
17118.51831258803
8324.622545430328
1606.0926800764357
1139.6635384807503
3967.4917836950162
3894.358294594646
1724.731451283701
4588.313846724814
9294.86016749522
1892.1258818912124
2836.3604856093084
2132.6538015990923
