31101.64142857857
31101.64142857857
29564.212968824144
29564.212968824144
22234.612172320492
22234.612172320492
22234.612172320492
18837.967900770025
14726.240624682623
14726.240624682623
14726.240624682623
12902.778963113424
12724.008211979188
12724.008211979188
12724.008211979188
12724.008211979188
12724.008211979188
11007.809001090529
11007.809001090529
11007.809001090529
9077.08488884079
9077.08488884079
9077.08488884079
9077.08488884079
9041.330738613948
7503.902278859523
7503.902278859523
7503.902278859523
7503.902278859523
7503.902278859523
7503.902278859523
7503.902278859523
7503.902278859523
7503.902278859523
7503.902278859523
7503.902278859523
6931.83587522997
6359.769471600419
6359.769471600419
5358.653265248699
5358.653265248699
5358.653265248699
5358.653265248699
5358.653265248699
4929.603462526535
3928.487256174817
3928.487256174817
3928.487256174817
3928.487256174817
2963.1252000499467
2963.1252000499467
1532.9591909760659
1532.9591909760659
1532.9591909760659
1532.9591909760659
1532.9591909760659
1532.9591909760659
1532.9591909760659
1532.9591909760659
1318.4342896149835
1318.4342896149835
1318.4342896149835
1318.4342896149835
1318.4342896149835
1318.4342896149835
1318.4342896149835
1318.4342896149835
1318.4342896149835
1139.663538480749
996.6469375733607
996.6469375733607
996.6469375733607
996.6469375733607
996.6469375733607
996.6469375733607
996.6469375733607
996.6469375733607
996.6469375733607
996.6469375733607
996.6469375733607
996.6469375733607
996.6469375733607
996.6469375733607
996.6469375733607
996.6469375733607
996.6469375733607
996.6469375733607
996.6469375733607
853.6303366659729
710.6137357585851
710.6137357585851
710.6137357585851
710.6137357585851
710.6137357585851
710.6137357585851
710.6137357585851
710.6137357585851
710.6137357585851
710.6137357585851
710.6137357585851
710.6137357585851
710.6137357585851
710.6137357585851
710.6137357585851
710.6137357585851
710.6137357585851
710.6137357585851
710.6137357585851
710.6137357585851
710.6137357585851
710.6137357585851
710.6137357585851
710.6137357585851
710.6137357585851
710.6137357585851
710.6137357585851
674.859585531738
674.859585531738
674.859585531738
674.859585531738
674.859585531738
674.859585531738
674.859585531738
674.859585531738
674.859585531738
674.859585531738
674.859585531738
674.859585531738
674.859585531738
674.859585531738
674.859585531738
674.859585531738
674.859585531738
674.859585531738
674.859585531738
674.859585531738
674.859585531738
674.859585531738
674.859585531738
674.859585531738
674.859585531738
674.859585531738
674.859585531738
674.859585531738
674.859585531738
674.859585531738
674.859585531738
674.859585531738
674.859585531738
674.859585531738
674.859585531738
674.859585531738
674.859585531738
674.859585531738
674.859585531738
674.859585531738
674.859585531738
674.859585531738
674.859585531738
674.859585531738
674.859585531738
674.859585531738
674.859585531738
674.859585531738
674.859585531738
674.859585531738
674.859585531738
674.859585531738
674.859585531738
674.859585531738
674.859585531738
674.859585531738
674.859585531738
674.859585531738
674.859585531738
674.859585531738
674.859585531738
674.859585531738
674.859585531738
674.859585531738
674.859585531738
674.859585531738
674.859585531738
674.859585531738
674.859585531738
674.859585531738
674.859585531738
674.859585531738
674.859585531738
674.859585531738
674.859585531738
674.859585531738
674.859585531738
674.859585531738
674.859585531738
674.859585531738
674.859585531738
674.859585531738
674.859585531738
674.859585531738
674.859585531738
674.859585531738
674.859585531738
674.859585531738
674.859585531738
674.859585531738
674.859585531738
674.859585531738
674.859585531738
674.859585531738
674.859585531738
674.859585531738
674.859585531738
674.859585531738
674.859585531738
674.859585531738
674.859585531738
674.859585531738
674.859585531738
674.859585531738
674.859585531738
674.859585531738
674.859585531738
674.859585531738
674.859585531738
674.859585531738
674.859585531738
674.859585531738
674.859585531738
674.859585531738
674.859585531738
674.859585531738
674.859585531738
674.859585531738
674.859585531738
674.859585531738
674.859585531738
603.3512850780442
603.3512850780442
603.3512850780442
603.3512850780442
603.3512850780442
603.3512850780442
603.3512850780442
603.3512850780442
603.3512850780442
603.3512850780442
603.3512850780442
603.3512850780442
603.3512850780442
496.0888343975032
496.0888343975032
496.0888343975032
496.0888343975032
496.0888343975032
496.0888343975032
496.0888343975032
496.0888343975032
496.0888343975032
496.0888343975032
496.0888343975032
496.0888343975032
496.0888343975032
496.0888343975032
496.0888343975032
496.0888343975032
496.0888343975032
496.0888343975032
496.0888343975032
496.0888343975032
496.0888343975032
496.0888343975032
496.0888343975032
496.0888343975032
496.0888343975032
496.0888343975032
496.0888343975032
496.0888343975032
496.0888343975032
496.0888343975032
496.0888343975032
496.0888343975032
496.0888343975032
496.0888343975032
496.0888343975032
496.0888343975032
496.0888343975032
496.0888343975032
496.0888343975032
496.0888343975032
496.0888343975032
496.0888343975032
496.0888343975032
353.07223349011514
353.07223349011514
353.07223349011514
353.07223349011514
353.07223349011514
353.07223349011514
353.07223349011514
353.07223349011514
353.07223349011514
353.07223349011514
353.07223349011514
353.07223349011514
353.07223349011514
353.07223349011514
353.07223349011514
353.07223349011514
353.07223349011514
353.07223349011514
353.07223349011514
353.07223349011514
353.07223349011514
353.07223349011514
353.07223349011514
353.07223349011514
353.07223349011514
353.07223349011514
353.07223349011514
353.07223349011514
353.07223349011514
353.07223349011514
353.07223349011514
353.07223349011514
353.07223349011514
353.07223349011514
353.07223349011514
353.07223349011514
353.07223349011514
353.07223349011514
353.07223349011514
353.07223349011514
353.07223349011514
353.07223349011514
353.07223349011514
353.07223349011514
353.07223349011514
353.07223349011514
353.07223349011514
353.07223349011514
353.07223349011514
353.07223349011514
353.07223349011514
353.07223349011514
353.07223349011514
353.07223349011514
353.07223349011514
353.07223349011514
353.07223349011514
353.07223349011514
353.07223349011514
353.07223349011514
353.07223349011514
353.07223349011514
353.07223349011514
353.07223349011514
353.07223349011514
353.07223349011514
353.07223349011514
353.07223349011514
353.07223349011514
353.07223349011514
353.07223349011514
353.07223349011514
353.07223349011514
353.07223349011514
353.07223349011514
353.07223349011514
353.07223349011514
353.07223349011514
353.07223349011514
353.07223349011514
353.07223349011514
353.07223349011514
353.07223349011514
353.07223349011514
353.07223349011514
353.07223349011514
353.07223349011514
353.07223349011514
353.07223349011514
353.07223349011514
353.07223349011514
353.07223349011514
353.07223349011514
353.07223349011514
353.07223349011514
353.07223349011514
353.07223349011514
353.07223349011514
353.07223349011514
353.07223349011514
353.07223349011514
353.07223349011514
353.07223349011514
353.07223349011514
353.07223349011514
353.07223349011514
353.07223349011514
353.07223349011514
353.07223349011514
353.07223349011514
353.07223349011514
353.07223349011514
353.07223349011514
353.07223349011514
353.07223349011514
353.07223349011514
353.07223349011514
353.07223349011514
353.07223349011514
353.07223349011514
353.07223349011514
353.07223349011514
353.07223349011514
353.07223349011514
353.07223349011514
353.07223349011514
353.07223349011514
353.07223349011514
353.07223349011514
353.07223349011514
353.07223349011514
353.07223349011514
353.07223349011514
353.07223349011514
353.07223349011514
317.3180832632677
317.3180832632677
317.3180832632677
317.3180832632677
317.3180832632677
317.3180832632677
317.3180832632677
317.3180832632677
317.3180832632677
317.3180832632677
317.3180832632677
317.3180832632677
317.3180832632677
317.3180832632677
317.3180832632677
317.3180832632677
317.3180832632677
245.80978280957356
245.80978280957356
245.80978280957356
245.80978280957356
245.80978280957356
245.80978280957356
245.80978280957356
245.80978280957356
245.80978280957356
245.80978280957356
245.80978280957356
245.80978280957356
245.80978280957356
245.80978280957356
245.80978280957356
245.80978280957356
245.80978280957356
245.80978280957356
245.80978280957356
245.80978280957356
245.80978280957356
245.80978280957356
245.80978280957356
245.80978280957356
245.80978280957356
245.80978280957356
245.80978280957356
245.80978280957356
245.80978280957356
245.80978280957356
245.80978280957356
245.80978280957356
245.80978280957356
245.80978280957356
245.80978280957356
245.80978280957356
245.80978280957356
245.80978280957356
245.80978280957356
245.80978280957356
245.80978280957356
245.80978280957356
245.80978280957356
245.80978280957356
245.80978280957356
245.80978280957356
245.80978280957356
245.80978280957356
245.80978280957356
245.80978280957356
245.80978280957356
245.80978280957356
245.80978280957356
245.80978280957356
245.80978280957356
245.80978280957356
245.80978280957356
245.80978280957356
245.80978280957356
245.80978280957356
245.80978280957356
245.80978280957356
245.80978280957356
245.80978280957356
245.80978280957356
245.80978280957356
245.80978280957356
245.80978280957356
245.80978280957356
245.80978280957356
245.80978280957356
245.80978280957356
245.80978280957356
245.80978280957356
245.80978280957356
245.80978280957356
245.80978280957356
245.80978280957356
245.80978280957356
245.80978280957356
245.80978280957356
245.80978280957356
245.80978280957356
245.80978280957356
245.80978280957356
245.80978280957356
245.80978280957356
245.80978280957356
245.80978280957356
245.80978280957356
245.80978280957356
245.80978280957356
245.80978280957356
245.80978280957356
245.80978280957356
245.80978280957356
245.80978280957356
245.80978280957356
245.80978280957356
245.80978280957356
245.80978280957356
245.80978280957356
245.80978280957356
245.80978280957356
245.80978280957356
245.80978280957356
245.80978280957356
245.80978280957356
245.80978280957356
245.80978280957356
245.80978280957356
245.80978280957356
245.80978280957356
245.80978280957356
245.80978280957356
245.80978280957356
245.80978280957356
245.80978280957356
245.80978280957356
245.80978280957356
245.80978280957356
245.80978280957356
245.80978280957356
245.80978280957356
245.80978280957356
245.80978280957356
245.80978280957356
245.80978280957356
245.80978280957356
245.80978280957356
245.80978280957356
245.80978280957356
245.80978280957356
245.80978280957356
245.80978280957356
245.80978280957356
245.80978280957356
245.80978280957356
245.80978280957356
245.80978280957356
245.80978280957356
245.80978280957356
245.80978280957356
245.80978280957356
245.80978280957356
245.80978280957356
245.80978280957356
245.80978280957356
245.80978280957356
245.80978280957356
245.80978280957356
245.80978280957356
245.80978280957356
245.80978280957356
245.80978280957356
245.80978280957356
245.80978280957356
245.80978280957356
245.80978280957356
245.80978280957356
245.80978280957356
245.80978280957356
245.80978280957356
245.80978280957356
245.80978280957356
245.80978280957356
245.80978280957356
245.80978280957356
245.80978280957356
245.80978280957356
245.80978280957356
245.80978280957356
245.80978280957356
245.80978280957356
245.80978280957356
245.80978280957356
245.80978280957356
245.80978280957356
245.80978280957356
245.80978280957356
245.80978280957356
245.80978280957356
245.80978280957356
245.80978280957356
245.80978280957356
245.80978280957356
245.80978280957356
245.80978280957356
245.80978280957356
245.80978280957356
245.80978280957356
245.80978280957356
245.80978280957356
245.80978280957356
245.80978280957356
245.80978280957356
245.80978280957356
245.80978280957356
245.80978280957356
245.80978280957356
245.80978280957356
245.80978280957356
245.80978280957356
245.80978280957356
245.80978280957356
245.80978280957356
245.80978280957356
245.80978280957356
245.80978280957356
245.80978280957356
245.80978280957356
245.80978280957356
245.80978280957356
245.80978280957356
245.80978280957356
245.80978280957356
245.80978280957356
245.80978280957356
245.80978280957356
245.80978280957356
245.80978280957356
245.80978280957356
245.80978280957356
245.80978280957356
245.80978280957356
245.80978280957356
245.80978280957356
245.80978280957356
245.80978280957356
245.80978280957356
245.80978280957356
245.80978280957356
245.80978280957356
245.80978280957356
245.80978280957356
245.80978280957356
245.80978280957356
245.80978280957356
245.80978280957356
245.80978280957356
245.80978280957356
245.80978280957356
245.80978280957356
245.80978280957356
245.80978280957356
245.80978280957356
245.80978280957356
245.80978280957356
245.80978280957356
245.80978280957356
245.80978280957356
245.80978280957356
245.80978280957356
245.80978280957356
245.80978280957356
245.80978280957356
245.80978280957356
245.80978280957356
245.80978280957356
245.80978280957356
245.80978280957356
245.80978280957356
245.80978280957356
245.80978280957356
245.80978280957356
245.80978280957356
245.80978280957356
245.80978280957356
245.80978280957356
245.80978280957356
245.80978280957356
245.80978280957356
245.80978280957356
245.80978280957356
245.80978280957356
245.80978280957356
245.80978280957356
245.80978280957356
245.80978280957356
245.80978280957356
245.80978280957356
245.80978280957356
245.80978280957356
245.80978280957356
245.80978280957356
245.80978280957356
245.80978280957356
245.80978280957356
245.80978280957356
245.80978280957356
245.80978280957356
245.80978280957356
245.80978280957356
245.80978280957356
245.80978280957356
245.80978280957356
245.80978280957356
245.80978280957356
245.80978280957356
245.80978280957356
245.80978280957356
245.80978280957356
245.80978280957356
245.80978280957356
245.80978280957356
245.80978280957356
245.80978280957356
245.80978280957356
245.80978280957356
245.80978280957356
245.80978280957356
245.80978280957356
245.80978280957356
245.80978280957356
245.80978280957356
245.80978280957356
245.80978280957356
245.80978280957356
245.80978280957356
245.80978280957356
245.80978280957356
245.80978280957356
245.80978280957356
245.80978280957356
245.80978280957356
245.80978280957356
245.80978280957356
245.80978280957356
245.80978280957356
245.80978280957356
245.80978280957356
245.80978280957356
245.80978280957356
245.80978280957356
245.80978280957356
245.80978280957356
245.80978280957356
245.80978280957356
245.80978280957356
245.80978280957356
245.80978280957356
245.80978280957356
245.80978280957356
245.80978280957356
245.80978280957356
245.80978280957356
245.80978280957356
245.80978280957356
245.80978280957356
245.80978280957356
245.80978280957356
245.80978280957356
245.80978280957356
245.80978280957356
245.80978280957356
245.80978280957356
245.80978280957356
245.80978280957356
245.80978280957356
245.80978280957356
245.80978280957356
245.80978280957356
245.80978280957356
245.80978280957356
245.80978280957356
245.80978280957356
245.80978280957356
245.80978280957356
245.80978280957356
245.80978280957356
245.80978280957356
245.80978280957356
245.80978280957356
245.80978280957356
245.80978280957356
245.80978280957356
245.80978280957356
245.80978280957356
245.80978280957356
245.80978280957356
245.80978280957356
245.80978280957356
245.80978280957356
245.80978280957356
245.80978280957356
245.80978280957356
245.80978280957356
245.80978280957356
245.80978280957356
245.80978280957356
245.80978280957356
245.80978280957356
245.80978280957356
245.80978280957356
245.80978280957356
245.80978280957356
245.80978280957356
245.80978280957356
245.80978280957356
245.80978280957356
245.80978280957356
245.80978280957356
245.80978280957356
245.80978280957356
245.80978280957356
245.80978280957356
245.80978280957356
245.80978280957356
245.80978280957356
245.80978280957356
245.80978280957356
245.80978280957356
245.80978280957356
245.80978280957356
245.80978280957356
245.80978280957356
245.80978280957356
245.80978280957356
245.80978280957356
245.80978280957356
245.80978280957356
245.80978280957356
245.80978280957356
245.80978280957356
245.80978280957356
245.80978280957356
245.80978280957356
245.80978280957356
245.80978280957356
245.80978280957356
245.80978280957356
245.80978280957356
245.80978280957356
245.80978280957356
245.80978280957356
245.80978280957356
245.80978280957356
245.80978280957356
245.80978280957356
245.80978280957356
245.80978280957356
245.80978280957356
245.80978280957356
245.80978280957356
245.80978280957356
245.80978280957356
245.80978280957356
245.80978280957356
245.80978280957356
245.80978280957356
245.80978280957356
245.80978280957356
245.80978280957356
245.80978280957356
245.80978280957356
245.80978280957356
245.80978280957356
245.80978280957356
245.80978280957356
245.80978280957356
245.80978280957356
245.80978280957356
245.80978280957356
245.80978280957356
245.80978280957356
245.80978280957356
245.80978280957356
245.80978280957356
245.80978280957356
245.80978280957356
245.80978280957356
245.80978280957356
245.80978280957356
245.80978280957356
245.80978280957356
245.80978280957356
245.80978280957356
245.80978280957356
245.80978280957356
245.80978280957356
245.80978280957356
245.80978280957356
245.80978280957356
245.80978280957356
245.80978280957356
245.80978280957356
245.80978280957356
245.80978280957356
245.80978280957356
245.80978280957356
245.80978280957356
245.80978280957356
245.80978280957356
245.80978280957356
245.80978280957356
245.80978280957356
245.80978280957356
245.80978280957356
245.80978280957356
245.80978280957356
245.80978280957356
245.80978280957356
245.80978280957356
245.80978280957356
245.80978280957356
245.80978280957356
245.80978280957356
245.80978280957356
245.80978280957356
245.80978280957356
245.80978280957356
245.80978280957356
245.80978280957356
245.80978280957356
245.80978280957356
245.80978280957356
245.80978280957356
245.80978280957356
245.80978280957356
245.80978280957356
245.80978280957356
245.80978280957356
245.80978280957356
245.80978280957356
245.80978280957356
245.80978280957356
245.80978280957356
245.80978280957356
245.80978280957356
245.80978280957356
245.80978280957356
245.80978280957356
245.80978280957356
245.80978280957356
245.80978280957356
245.80978280957356
245.80978280957356
245.80978280957356
245.80978280957356
245.80978280957356
245.80978280957356
245.80978280957356
245.80978280957356
245.80978280957356
245.80978280957356
245.80978280957356
245.80978280957356
245.80978280957356
245.80978280957356
245.80978280957356
245.80978280957356
245.80978280957356
245.80978280957356
245.80978280957356
245.80978280957356
