142299.77162985888
22809.29407478761
20028.403678511724
21062.364416422624
17943.66037723419
16726.250244999293
15245.593249386913
17480.869121890344
18189.14357014334
15085.07070423521
15538.337795731175
13465.338683995975
11009.599476785259
9735.256574252204
10128.494446118259
17653.134303952404
10117.825296239746
6653.793840335163
7619.058401930712
12150.533447714806
13421.032688328622
8516.324705087582
4668.116968207894
14735.73960685063
7400.490257490009
6715.331602450694
2835.2756259326366
11913.736549138705
9332.839628435306
11461.861473544217
17764.90171163389
4539.777949023588
4728.289394108815
12824.375144370144
4040.0375597145785
5157.144325350578
15544.698920892768
8766.14402808413
16044.914328438235
14091.35211774805
14483.308927283122
16679.739581651203
17493.68942694933
10874.556457967456
7627.115593496523
16803.48560350441
16733.297851865158
18863.172497537937
9469.978706678685
18391.120437634032
5075.763621142747
10631.541550295682
6333.953987280617
10171.721816082985
8736.8069323757
11301.661523969997
9894.623105810124
6920.2633685721075
9572.328156015506
10546.183227104051
7985.9230079837935
4322.999661748498
5663.035077379197
6782.32892481007
1894.4458149785685
12292.075195397121
8158.869965257801
484.513411209147
20686.736648340615
11817.990118730024
11316.172091837605
1601.4665329198986
11767.557359538889
10046.625058372507
8163.005973018554
12406.53897716128
11387.384190711551
11443.293020103407
21666.310497228
6675.095328587106
6145.662632440437
6430.3003540523305
14000.6959954961
972.9343553058995
12486.558745970688
7816.395102697199
5729.909060422098
16767.721125826753
16510.14396372317
10140.619783571436
11749.21024884847
53902.41504257596
16747.36587388537
3613.348476956384
2605.4551785051685
4376.801696670282
255.21671909082227
17457.69625714471
16233.553831312847
2041.447194646031
137.59503976535356
7426.500599565271
19395.728232027624
12518.102665252387
8456.129523450158
5083.454998991284
2852.8241352547125
7508.360290911543
12137.46547341403
10897.211636741968
10118.050839204665
1065.1323225473357
1817.5488161685582
253.21669972699434
13658.806685273732
41882.063949847405
14125.405633094828
6071.020913410624
14917.894476622678
2864.220593645373
1025.9060454943342
16605.29896776713
9993.431278098313
9406.477887197929
11397.624447343256
12578.926949534158
6850.046761380915
14681.173910495476
14510.865309127725
21571.28147100816
11588.185961610914
17068.14658975878
9575.283401147995
4816.870526665909
7417.121866034262
14059.346547865343
10614.383262722149
52930.147477207436
49091.081228704956
23609.92564538436
12302.722388334127
5112.301293651431
53042.65100690594
7946.089115474181
9583.810068669414
9394.198819707444
10247.48406076543
3822.8060996318723
30921.33940333237
20967.021742527915
8800.670833706134
9725.524287264558
7051.229825154367
12090.33717262908
12108.774019394694
5126.372609725555
3780.0867798080194
20415.96397455802
8132.724591231692
12116.709023674679
4289.78879537496
7.62939453125e-06
7005.407850370781
14126.57349275747
3562.9591555034744
3448.5936329622164
49265.30824050323
12806.983673005661
19234.60960209808
51496.46326582866
10848.734971903079
2935.353899862597
15732.691052471428
1869.3350479845733
7.62939453125e-06
21731.383047852294
52130.02608060333
19282.169647341405
14179.229264432408
15509.5777579452
22216.23588946873
14399.974076277767
10882.572022699876
4471.048448823343
14412.727466100327
15926.483977886946
9582.525715743728
5523.269070006694
2471.449762095209
5823.984093720864
9729.811694158641
81.92304991167427
2115.104197719598
4632.3760950055985
9712.003341358604
7.62939453125e-06
11573.49268752202
53326.08750257
9599.1929411789
5453.252878117545
11278.805929444554
6127.060346601998
8014.393176638122
22560.252343945
9172.011265628411
9465.036310298421
5965.677702996404
3730.9946033528367
3780.499004613194
6642.463911176649
12873.276843502083
48935.82163527963
11344.42164312225
1840.0042500691716
18757.659262425495
18949.294642864377
10211.255686169046
5040.397546407499
8740.89912200842
18968.85329787173
49083.59138683317
19314.55424919097
10120.1149502913
6303.8101219795435
2699.3184805801393
10853.768566721463
10376.36675900484
53454.25644776576
19102.61253266538
8774.811304497387
6793.311093527985
6395.82580159021
729.1375854134677
15207.460196772161
15971.080342062909
10832.486912652841
10224.839853158517
55860.3897267466
23572.348370440395
3925.7470407412816
1786.4571562681224
14444.196514292176
3700.2961651541827
53257.565358675514
8047.960433358099
14917.838085559044
15410.083653782993
34.398759941339975
8643.222766929328
76.36657519567196
7602.557621706417
15961.072022870372
19491.823801099512
4804.5230169587085
13519.723887649105
22410.578310640125
16748.192809319033
9320.715753407883
8472.619525113394
8517.994480861416
11428.755154975046
25198.515324628846
29457.163086317592
44.95049693852028
15593.444460542783
6480.162727377055
2860.4169699291238
8129.998042495212
54606.521748640494
59524.90544832395
13187.641215870352
7661.735171246548
16884.742718983827
3029.6794474183384
13649.563928036878
9100.91131409329
13075.158490634587
10953.831398213826
5355.202509826924
25256.67647079781
12800.278790538892
10759.620810194914
13048.342900641812
15901.542438653587
3090.73324666772
10977.688688164384
6845.195802184054
22125.17623729344
12835.683961284167
21957.0153840453
8287.542381438985
1964.2534503776249
19140.929039409446
18979.675625168664
7215.308470442928
146.69972168536844
3645.9758976004887
13029.470238777218
907.5947445584197
15405.17244020857
17119.526147326
5978.57690427166
18763.468192676526
9216.502560750123
1416.3637937402464
20848.78802633466
53434.867737850414
21048.67792315079
26211.85673792274
16758.056190980304
14323.726518447509
15994.70968821177
25142.750241576538
5890.004065511976
5197.031090208474
16513.212911224455
19871.640875808313
29.79019996788195
13975.620755767473
16264.986383330179
11682.34887439546
16275.550187658995
13860.502146436256
7290.499358405562
17663.723455219646
56672.92268923302
16089.659805063235
7565.313898217614
5871.70109741364
178.74119980728966
3.814697265625e-06
9306.527383728859
5052.18560194362
26176.223925105984
4824.533385089045
23198.4009538682
9993.503298886653
13196.402115505063
9774.039634318626
11510.002726781215
9309.437489963011
9876.067486288037
3.814697265625e-06
21878.351674029363
19980.169160364934
10539.539209453673
14443.39859099187
10845.170124895845
5944.643502975537
8393.16462790105
8601.078723135732
3.814697265625e-06
12763.528480598201
692.67362810049
14189.110698677425
11083.596407321771
990.4374837104409
24264.979979544125
1668.2511982013725
3.814697265625e-06
3038.600396723927
21603.70041161879
60230.8641110837
15303.49670679109
9012.753658304819
4094.77882096359
4808.87938010413
18908.807232082912
7369.9034966747695
3.814697265625e-06
19050.068394285303
13658.147655759716
7274.529011189516
14660.638607345627
7354.68667154741
7937.572587297596
17878.292855350577
12476.222243951488
10377.080474818267
12427.29549929082
4245.965755746302
53979.6208103986
9051.879574476412
8743.612339262945
2497.6886609838584
4196.1552589972225
21824.474141725223
55839.894149222186
11251.311052830528
16498.17777045771
8646.067904997868
14407.05499321689
10251.499972487165
1431.8170234139234
8437.638413702794
60361.15172012638
11109.490983582717
1563.9854983137886
5362.235994218697
9851.52587772259
11409.979583605958
26449.084235104812
3.814697265625e-06
7575.664649697629
10681.408065758362
5386.01248558758
3.814697265625e-06
11369.633115505489
53968.92368841304
19514.82919196294
6207.266715926578
11853.962889549308
3712.0447158512316
59960.1754733165
10854.721473950502
7314.152973062784
700.0696992452184
54826.84180999269
22749.164277124153
11575.824005529143
6525.326505158369
5490.759912147886
16640.353139122875
12368.48941345391
135.39879582502385
8163.294585176595
55373.57533974869
2161.4795159106525
11185.218559898769
12621.318094993356
15090.958254368063
54676.90933262111
15515.782828948675
9048.003058117652
8661.287637441872
1694.3977087490769
5821.367657240173
13016.746951344441
5638.311593801702
8547.240238414266
13324.166779790077
12081.944138426388
15542.391423286008
9696.168709294272
9780.328564056685
9076.156392051178
10835.093704733737
14861.617265887806
16130.841902991704
9900.797694292645
18354.136102021977
14649.674026530463
5220.213451497889
6030.726458930963
1383.4890271961553
385.22113584925336
22838.142932916853
7583.831678140237
1249.3504930803285
1322.4522619632487
7683.083409463215
1830.1327210734023
10528.38800091336
5527.821589354304
7147.925538874006
19211.500723959492
52973.95681187055
9080.696297861625
4755.1222951192485
14479.866574865699
13033.897946503776
21129.513795500265
16423.699503294
25177.604891012365
10853.743866915649
11981.678580829846
19028.146477286995
17433.183475180347
12101.616608631075
18057.880600194592
53003.78544456052
6949.890609552905
23882.829301057696
2418.0578878661336
10970.083557062298
12049.916807195174
4374.642274872726
112.51424084082555
2398.1110974144717
4.672030911985737e-06
5935.697343600421
13686.545365435848
13355.953758965969
134.05589985546743
60295.38549855637
72473.5277393744
47796.50853684774
21497.338845735932
12686.037278934149
8581.291538200696
2947.0209448182877
20919.419421960545
310.89990490820543
19107.458687551116
14560.15578673127
7878.517638323199
12786.308090581038
54358.216407043954
17498.02789490791
13562.43568092597
3391.383996111131
11618.177987473835
53345.91065474899
4.672030911985737e-06
21947.511035294396
6221.585546172289
11091.28611363619
14002.812871243179
10440.527209803195
3710.882246512891
6952.662640342388
4709.150896463408
6264.157613038761
4111.047595567667
6452.346880221461
7141.139756091428
10586.247438400087
51065.39083797077
15087.067993520663
4990.009084243557
14910.879456472754
13643.74868368001
11338.067181426957
4027.9798163387313
182.1661767639563
13912.02338500072
19880.939357413925
9680.236553184639
59187.607678060915
15657.878477144903
14622.97277451176
7226.841866647908
19362.42448879575
6146.184139507537
9812.248965043698
16106.317189388905
11698.616444736028
13903.410224728634
11741.960979442263
6819.037475743641
212.20383833121824
19257.877619236126
11743.966824125539
6122.095986283451
22457.902282840427
4672.919303539719
935.0867167397415
12555.383398595432
11509.041193553912
297.90199967881637
17220.192525761435
4393.153964736232
13513.287527272494
18447.25689201001
13191.473242383221
2904.5444968684596
55326.15567092528
5248.221070144115
2098.8881947648692
4.672030911985737e-06
8132.724591231688
3010.805731220714
4.672030911985737e-06
16238.35154147185
3580.7848243225612
4.672030911985737e-06
11484.122087618372
51030.36734126698
8788.373467739608
5884.576492304094
2627.6104118520884
10307.279655437535
5071.781544531851
3397.389132808845
290.4544496868461
15491.206537062282
3810.157647361934
4789.4717505216095
688.1383432438587
59.58039993576317
2190.0307985142367
4.672030911985737e-06
7685.871591713468
12102.61650253148
8215.40705486361
26663.76385741924
8785.613496581582
17828.086266816423
1132.7972905904626
4234.214052550074
53167.93716188669
16661.461668135955
9358.158550143578
9662.967164110392
19687.381855677482
5514.1577849763835
22.342649975911016
13322.36872015826
16146.288382591845
7493.065982951579
11767.815362951414
47929.778695984285
9416.892773194628
6520.328954641915
9399.153314647354
8371.046190974746
18188.013877031997
3481.5258365081436
1869.9340340140086
12511.50400369989
3182.019765649098
5252.270024608455
215.97894976714178
15945.595449437109
10230.672898474964
4366.728263106368
10764.686260615606
9601.32802163886
10418.136787653262
193.6362997912306
19388.00577189048
12460.087758819922
12108.276681958587
4151.667104381474
11197.365908398087
9063.644298920748
23140.97005895191
10798.167240646824
10861.718740123779
8474.838809582612
4506.641963427583
16414.880732438345
19903.2163851125
14179.293342941139
16425.056113887462
5174.969418901934
5364.947605829948
6508.683921745148
6224.352005526162
9643.824650305509
51156.80152990803
3575.7345057244115
51035.03115984844
7683.707160607379
18755.226778423395
57642.771747699946
28648.029084264577
12896.149634373918
12302.912063093288
11511.83068055435
15212.850629153123
3721.597192039977
14516.315996415336
3135.4484512416325
469.6092200014861
2085.3139977517153
8418.272783741486
1875.8514232241223
4.672030911985737e-06
11896.433845385367
27020.597969416944
13654.919344051788
13585.675912538729
15145.531573293536
6099.190736588607
8029.331968603298
18749.414308730542
14869.535165244206
16200.011188084189
11842.701383146243
16082.842870360348
17189.51360348347
20147.4410388734
9908.797036300362
1035.3969601387973
54715.67333763593
268.11179971093475
11050.291985394402
2022.7194786045152
4.672030911985737e-06
7504.948021354083
10997.112030766844
11355.87306526503
11680.000036795755
14899.551535059563
10685.152008591715
55009.61165168178
22745.87049690258
16110.98155448715
12382.869871856834
14876.392491773664
50655.77374138339
11240.553450087162
16140.304516575672
8712.196604247307
5738.076917400795
13596.252844553022
16000.120891069422
18248.76996340051
4202.784660053624
21902.896450352113
14452.977981674489
8895.030420340176
10808.066214527964
13064.721207151155
13789.960872061347
11262.260069827124
6268.263281096593
5679.059588309311
14054.541305383382
12829.068401204688
15846.092105467067
966.8834456398725
2092.912992187562
15717.264604338496
4038.4011795545366
22168.7336188779
3701.9446551844885
12873.796226371458
53778.579916720584
12497.116118556329
2598.694432589698
13143.63317624892
3981.0222485817553
16638.494446276676
12475.837258371266
13797.225735735423
11918.620306196482
10683.650608619599
20330.52250313695
14414.603166207145
10814.849934179065
7375.577361097601
9538.391528086693
2054.0661516027953
20081.692752248993
10246.015324301885
14543.749636989302
1446.6771720640272
8013.563791360162
21819.3136442096
19540.269752365475
8711.325262797
822.8736325001624
56196.311649647854
21945.473226040263
21143.715785731532
11350.985342598387
7820.5050353429915
7521.042428301685
57082.05486448888
29035.63218699863
17045.140688018255
11141.263111251357
32584.349536274625
2784.538204424126
6067.072142524101
3497.2386870242653
7.447549991970121
22881.640148872015
16879.225323432845
7710.872594618289
16386.08008209567
11043.228127835453
25422.723977403853
22247.95650900951
12197.943654490524
10973.900139377238
16385.181596006136
8439.984407646078
54466.67154514409
5461.954400772118
61205.44742445482
24052.62857288798
14134.434494116882
19959.087534715683
13308.585680329641
10227.36109242715
10829.146961683482
17804.17127067642
13457.794667151074
2393.469784732312
9190.841834676132
5350.23259496437
26533.45085631599
11400.44617717869
7499.456562864802
4429.246155272228
9048.773240244047
18800.387168324407
5207.385679491685
15812.600807610055
3196.684926621582
60444.174789840705
8857.878231048788
2742.617435280498
53133.6447108405
8808.436857300028
19923.57651300145
54591.740665922574
12390.205034863075
7523.265770134978
3772.773845720486
4525.673011358509
2334.9775928006625
7362.945637240099
60313.487751620254
5880.753819943186
12425.325991761092
16857.75523998408
11918.630056857848
11862.204616930345
12293.369201429718
20463.1234684643
8855.793114226202
2270.404826133095
5588.703340245086
4.672030911985737e-06
53203.18732403
13545.02623599663
10743.652595724532
3528.1782505657043
12239.169562447958
17280.259389125717
7136.307535038389
36935.55839851676
15196.304084704943
3658.032499393461
7698.637840046531
920.7464647512193
4.672030911985737e-06
4.672030911985737e-06
9488.178689770306
8839.679379728073
4887.879072827438
12333.142786702992
10971.437188070788
6479.368493014263
3418.4254463144184
7842.2701415448455
4111.047595567667
5183.494794411407
4.672030911985737e-06
4372.489941401934
24777.998823285572
55504.41571014344
11177.80885843399
4.672030911985737e-06
8177.409891183511
4.672030911985737e-06
4.672030911985737e-06
3127.970996627573
9361.570339906808
9771.417511723446
51395.1980491928
14828.541829089447
53143.79441246488
2560.4190803685183
6141.966980087117
15459.247170716912
7179.438192259479
4.672030911985737e-06
8207.200091151395
17596.009041462596
54231.89515759072
20213.243400098643
10395.977487304002
14979.19800987084
6440.401154095962
53408.94705192379
13975.439041693851
17437.823194499884
6635.450999047038
2539.8199419896955
5548.651093509058
9310.288599627434
17824.9463870116
2271.021309224984
13871.791957788197
14472.060251385905
8990.651116089344
53259.37661269923
1601.2232482736397
24548.49274498997
7338.1073803612335
7048.1709165997645
10307.409188887046
12401.046562287962
17602.122556655373
7011.363876242604
3503.4845698792365
10556.417326840676
50820.966188426166
8058.7776002706
8861.946851131705
10882.067187745117
19858.125475074077
12138.688381986774
9053.451450786735
14722.668537295232
6309.454542823979
4032.9769307130823
11209.17068469276
10964.657244688968
11463.878081655976
8863.879744976233
343.2035197520242
12362.463072800227
10829.30366684511
11578.462701394177
13547.856515310408
10818.421842475784
5860.8719196048605
17707.767921743365
21538.278584916665
5160.5994209621285
14371.670379473062
19191.835663338174
7702.685961301217
4.672030911985737e-06
6497.7418045527675
9385.017391491128
8558.011482926993
7434.320791665083
14034.671472828431
22728.602087871393
13578.58107963177
13652.066859587716
11245.325699476554
15940.255544394184
12647.137540557265
20522.058036586273
17064.505013118716
6247.512011403316
18370.31064795667
19553.633393790606
14183.175420173144
18773.38808979822
7227.604026909996
3404.1243446708345
7340.152243373706
294.96166571612696
7402.864692018588
16788.392231333804
1349.5731310100562
5079.229094523826
16304.351363297099
10263.646362610512
7283.078159381961
21814.0194044029
9751.558889016596
2490.9959365510754
14723.493392703147
10296.968131427499
55393.46970853839
1250.8136429461395
15301.955827534746
4.672030911985737e-06
13905.275515172894
1310.7567083524762
4.672030911985737e-06
13112.557005461214
15446.218683346638
11697.855901818813
10538.654043159862
1983.1803550130442
9919.32622378749
5748.0588215769885
60937.86928489453
15461.094735657947
8815.992916054514
7095.999644339505
9925.30315985103
57448.79227594627
16743.932791766336
4527.02912301223
4823.57852068523
3683.4175555246466
53344.884864820975
24611.613740371955
3280.2269936462535
2640.861041721048
9425.203056888258
14148.23384814643
6397.9819299051505
18094.19411574755
24009.2099495747
6874.849377927526
11871.394687200835
8646.605540677649
